500
37.7507769686385
78.06564155256316
76.96592970283585
67.35308823307572
22.93569510849033
61.28250576028981
47.18563003536953
40.109667679712246
43.53105777462888
55.701880552635245
75.57782994104397
33.626910960684825
65.86069642591364
51.56858411787721
35.18796174635446
61.57704642341188
47.213146540809326
14.882360829972292
55.03048862852484
77.34384468055097
89.34320356942669
36.52085139074402
45.42428557374982
73.33700395136681
77.11738865955954
65.29246508312713
41.97443161470693
48.120449777787734
71.49948779587073
23.63096258744212
90.06001316030321
48.95414055715995
66.05855639672798
40.384148021483746
88.67356718524888
41.63367420840654
57.50819616069726
61.595288751034175
44.018289787789094
54.860641369195534
59.7144010011295
59.56168330273456
3.9778649020928754
20.142815257770643
16.903759096590555
42.223232840771786
93.4506207201853
45.762001130621975
34.02990776603743
55.68721591111687
42.944484402629115
49.421219846607926
41.56702921514031
39.45782530416257
81.31003320431756
37.923172709624666
54.73701546659383
95.32189793631107
91.17185391286856
39.80139437753074
93.37126298320615
89.22333790563968
40.77627999468998
17.06603585498884
64.2726158138675
36.64506068303534
41.66327463947268
68.5901937166672
24.024399323950835
27.66899557972463
65.88250171692863
54.69363760412815
51.007552532712005
72.57991381973883
61.28786178868222
50.330711352700575
18.229832419701776
74.7233378576268
43.774796661211944
74.79222777684106
57.2337206876045
5.188059448776002
79.40942346324493
49.78570843155627
33.07961100232382
45.225201224212874
44.76705036983915
55.26924618965543
56.30836672683348
67.06581989696717
51.05294958190772
69.07733341187549
99.35672240145067
50.15089006156592
54.5514633741663
84.21026471022208
71.27655960131725
57.92531184051282
68.08492883204035
69.2239668116828
44.65647572010664
52.641115050459476
46.89853611677748
43.291826078843435
21.94090368727685
46.08060289369544
42.62325510630874
39.09170250367469
60.09712518041059
-8.801111032013864
55.74975407108188
88.24754993595784
61.83244395759038
37.262427070440935
26.039992036414287
62.27032701826128
46.07396774121902
40.38126763496808
66.827862369607
51.95722784117724
59.95096231637922
45.17870376360917
35.279137811568205
48.625987771387294
73.47866817282328
65.31466631374418
28.965374214293345
27.553733415103135
31.113393055238596
48.48645156094123
60.643765145248445
52.94872577951406
57.77861939310399
54.25809380647192
46.60692752831003
60.10924815894356
30.448882697079
48.08449769279328
79.36701458111457
61.165108860564565
31.38900791912684
89.57957902271365
34.758069034545784
61.41790465233413
-1.8580766070377237
11.57674491599802
42.27593139899281
5.370284188458783
77.75310672408254
22.88366593765035
36.30594877286885
33.947413332178876
66.79705264088796
20.62219393004613
51.5287838851158
65.68503154313515
68.10275357354458
45.90910216602319
52.93653503367753
59.756390449377264
102.86728907149035
7.6118301038853815
59.08552036672182
91.20888158346905
65.31273708242253
31.375087322101248
53.4453556025541
51.185537816711324
44.275670142154965
54.23082422897932
80.09067470086555
45.880938124909726
67.54460468342627
70.51745379275985
73.20570605213224
25.557139231971007
28.331447146892135
89.79199535047113
77.57134758179632
42.33392698699669
68.63971271122101
79.83658872271889
69.64378730938942
48.542239585045394
61.752326542454966
64.67964099575404
103.21449652263462
44.67213030971048
33.6085927177959
49.37289235909422
63.12740976216283
60.61265675547282
55.42469476733913
44.85126209417742
64.3498101450229
67.94423040611534
40.87284817945706
40.97845545181885
34.04413201573973
35.608527620698446
36.590081687511514
89.85133933209818
46.543882109844034
71.04037279617955
98.62624409347717
52.449179818271986
74.8946045721292
52.345512597183955
69.72833154385582
71.83727881445647
32.33906335787609
79.30316684233367
49.980453749246735
21.827430677687385
82.07397419652001
23.064862047956403
17.40588439519607
59.567290688710784
67.15281127771269
47.177452817781145
0.590491691554071
54.506166069784754
62.78152840479629
69.16484465524306
65.53971463253683
20.666918722317224
25.7430848864569
61.91929595742375
46.49589846417857
20.730552579232363
67.71211040382062
56.24628613577896
40.20750539961797
43.18229153246858
56.500964068886546
50.73233311499873
51.294232956700924
82.91967023256325
54.92578885582963
48.387404645606786
24.675799968627302
41.824615567282315
67.24064234249985
44.348517719455494
60.729839838762956
86.16108735796558
32.73427333655412
52.53371123746665
62.21443112809635
72.08309061918376
38.85486697324814
50.37074714791595
35.67731150844476
53.74001511003754
58.44867313647441
41.97194625012728
4.4876740796790315
55.209022875618146
38.868388434796096
41.64528280431219
79.20361029056903
57.26051357584132
55.75029343707061
27.030828358189293
46.05114971946194
51.33887157670547
38.989711465809904
7.0682446222986215
49.73565652301215
-11.356767427571597
39.04023939374507
80.59176022010621
63.99265598978168
20.292823396383998
75.39917038099188
49.69855921838431
51.364920652890184
23.848388954904213
29.985796609657164
45.331263713697346
67.1560576973805
54.69356152163862
53.38879463603799
49.49282646775682
11.50217452116582
65.43599097261222
36.50699333691538
50.37715824257652
20.80463955967998
23.912614527362983
51.35036366202681
66.03619339095201
22.511249109309187
46.43376914892967
13.885961381776092
29.46294215336735
55.9810027948224
71.26680134863098
68.46264143738682
76.9656136956005
39.187127366614334
45.25067832299928
57.04104966701078
69.80715068435097
41.71718219827514
23.706955117505387
28.030602911335016
48.004160583536866
64.03651678063441
60.40841935382973
42.52771144482721
76.89911699385043
51.939602606381314
43.533442838111846
38.9534231496733
53.528787580166956
56.87992612158453
88.49970602978783
42.59765099347552
39.128423515663194
45.3662698045299
50.91202506260931
70.36519919327245
80.80828181378189
73.19343026988066
57.3436779057722
93.48214972710795
51.792474401172335
37.9857274465552
40.88045344411255
49.484450215152194
33.29755016116084
45.77108537335691
41.20485624527509
42.740239180684895
59.33762429798741
46.72788739429828
18.672739637784513
76.77014226824278
102.47595585727161
61.92504298720924
46.07588509587185
41.149520222644284
83.75408413174762
69.70302237317287
40.249486828683196
54.794837850369646
42.83695079154316
41.64687999366262
42.55706955499402
48.1599917204243
53.614746261847685
70.30227138732462
75.7928634995765
32.01659167191317
43.16909579869582
55.54652644537594
56.76098399859104
41.263856377841854
63.699051771796505
72.11838471858164
29.47690465137508
77.54955736309533
89.0564286541036
100.897296039315
10.12747307746438
60.592346603503564
39.367755556687996
22.140669438342467
56.04074820848695
74.01245038167394
54.212824527322496
53.192381105609456
50.55083222592508
41.66077184636155
20.13916448005835
48.98985493164352
43.06750010526515
82.43140523349737
51.816930884032345
65.81819888686573
59.25946023183107
35.07177009360672
52.45976765045391
13.561815333457417
47.316834598219245
7.173972483845702
75.72877843043788
54.84912409452073
47.43936461957869
61.320038823581484
55.731864013491965
43.89492476745801
62.119713582015876
42.09517235192695
28.92734301033236
76.9820536022675
24.247721175025212
56.52486625413253
64.82933852591577
62.36760621324129
80.2441546137805
20.579309877933646
59.51974238357123
70.37752468729724
39.24866351827971
81.9900106505729
60.558323819010596
69.34091340931143
69.45613419047561
51.63547646071092
37.28967733739407
45.76931232344893
33.770453601240774
39.87879810569882
53.76534185088374
58.547708568249554
24.46285219219806
58.759917729986526
41.65008216222797
76.02230805943493
60.747168363183874
63.86004615867054
76.65552096568908
65.4597949804398
19.357008331275367
52.987020098341766
55.3566375115084
69.31247748498055
19.329035452152368
42.30053275594558
49.05954418264692
34.61219024576333
70.77999435016687
58.640573461564614
27.715758257391055
64.01782967676624
11.9920008418202
24.344523121042823
57.143201881808835
27.35087342975583
90.33766957029292
42.41092019285283
49.55647014683053
28.443531598384283
57.349428246734526
77.09485905286682
75.3249511908859
69.12896098304611
36.11087506904667
47.8964755518489
39.04275397202312
57.21435597424618
65.67547714431838
52.101230088964314
56.099580055915325
47.15307952873293
41.054474862226556
41.74163547283372
12.691336242353351
63.6528591665639
70.80559139895487
57.12743660613985
19.402166930688264
71.65151179574416
28.823328769155573
82.02902627266437
38.987592273742955
38.121676551208196
55.50010458893845
48.52969111423695
35.483926868046154
47.35442700211384
67.46804427558968
42.22643798254666
51.71723216338783
48.916625586527196
59.76204925482912
52.02812357621778
66.63863520231172
20.68273662626919
5.1827412401331046
60.67577365332225
21.902325397742167
48.915899195725906
37.195853003046025
35.474059533181105
60.103089185440346
57.942657887945714
48.01753898761061
33.01412570770111
60.50360197340916
35.99375684399865
52.25825464690032
65.73350360334116
45.00742713387297
67.71481193317479
61.232583053042774
10.02924825466475
67.27543003295641
